<?xml version="1.0" encoding="UTF-8" standalone="no"?>
<!-- Created with Inkscape (http://www.inkscape.org/) -->

<svg
   width="1920"
   height="1080"
   viewBox="0 0 508 285.75"
   version="1.1"
   id="svg1"
   xml:space="preserve"
   inkscape:version="1.4.2 (ebf0e940, 2025-05-08)"
   sodipodi:docname="wash_icons"
   xmlns:inkscape="http://www.inkscape.org/namespaces/inkscape"
   xmlns:sodipodi="http://sodipodi.sourceforge.net/DTD/sodipodi-0.dtd"
   xmlns="http://www.w3.org/2000/svg"
   xmlns:svg="http://www.w3.org/2000/svg"><sodipodi:namedview
     id="namedview1"
     pagecolor="#ffffff"
     bordercolor="#000000"
     borderopacity="0.25"
     inkscape:showpageshadow="2"
     inkscape:pageopacity="0.0"
     inkscape:pagecheckerboard="0"
     inkscape:deskcolor="#d1d1d1"
     inkscape:document-units="mm"
     inkscape:zoom="0.18529742"
     inkscape:cx="1173.7886"
     inkscape:cy="639.51242"
     inkscape:window-width="1280"
     inkscape:window-height="674"
     inkscape:window-x="0"
     inkscape:window-y="25"
     inkscape:window-maximized="1"
     inkscape:current-layer="layer1" /><defs
     id="defs1" /><g
     inkscape:label="Capa 1"
     inkscape:groupmode="layer"
     id="layer1"><path
       style="fill:#ffffff;fill-opacity:0.967273;stroke:#79db71;stroke-width:5.38483;stroke-linecap:round;stroke-linejoin:round;stroke-miterlimit:50;stroke-opacity:1"
       d=""
       id="path2"
       transform="scale(0.26458333)" /><g
       id="g30"
       inkscape:export-filename="washing-clothes_dark.png"
       inkscape:export-xdpi="96"
       inkscape:export-ydpi="96"
       transform="translate(-73.656523,-14.278847)"><path
         style="fill:#ffffff;fill-opacity:0.967273;stroke:#79db71;stroke-width:1.68317;stroke-opacity:1"
         d="m 108.1951,269.74073 c -4.06186,-1.4584 -6.87164,-4.14068 -8.917677,-8.51301 -1.165056,-2.48964 -1.774699,-6.27334 -7.501847,-46.55896 -3.428546,-24.11695 -6.235213,-44.26502 -6.237014,-44.77342 -0.0017,-0.50841 0.460532,-1.36011 1.027423,-1.89269 1.028517,-0.96623 1.076134,-0.96831 22.266915,-0.96831 h 21.2362 v -20.48556 c 0,-11.26706 -0.11984,-20.48555 -0.26635,-20.48555 -0.14643,0 -2.70162,2.16035 -5.67806,4.80076 -13.29676,11.79565 -15.37085,13.4581 -16.79045,13.4581 -1.18944,0 -3.38412,-1.98199 -17.382848,-15.69817 -9.043697,-8.86116 -16.14059,-16.16182 -16.294869,-16.76273 -0.150307,-0.5855 -0.09426,-1.52486 0.124723,-2.0875 0.218879,-0.56261 6.510242,-7.48324 13.980782,-15.379186 7.470556,-7.895961 13.834112,-14.707086 14.141252,-15.13584 0.47523,-0.663404 0.18212,-1.506099 -1.966897,-5.654923 -2.41331,-4.659035 -2.52455,-5.021101 -2.507214,-8.160934 0.02441,-4.407073 1.315598,-7.747101 4.069971,-10.527493 2.13922,-2.159437 15.1625,-9.81553 18.92956,-11.128266 2.68733,-0.936482 8.40622,-0.557314 10.8852,0.721675 2.59471,1.338708 5.14688,3.717849 6.54206,6.098556 0.63664,1.086333 1.31475,1.975147 1.50692,1.975147 0.19219,0 3.09141,-1.202422 6.44275,-2.672029 3.35132,-1.469625 6.64321,-2.67203 7.31532,-2.67203 0.67209,0 2.59994,0.394063 4.28411,0.875685 7.47485,2.137624 13.75753,2.878251 24.546,2.893636 10.95111,0.01515 15.57595,-0.49906 24.26073,-2.699836 2.32127,-0.588217 4.69963,-1.069485 5.28525,-1.069485 0.58561,0 3.77176,1.202405 7.08035,2.67203 3.3086,1.469607 6.18234,2.672029 6.38611,2.672029 0.20378,0 0.89137,-0.888814 1.52801,-1.975147 1.39519,-2.380707 3.94735,-4.759848 6.54205,-6.098556 2.47899,-1.278989 8.19787,-1.658157 10.8852,-0.721675 3.76709,1.312736 16.79035,8.968829 18.92957,11.128266 2.75437,2.780392 4.04565,6.12042 4.06997,10.527493 0.0173,3.140085 -0.0937,3.50168 -2.50887,8.164149 -2.4656,4.759999 -2.50798,4.90258 -1.74425,5.86813 0.43054,0.544269 6.79485,7.355647 14.14293,15.136395 7.34809,7.780749 13.53923,14.605439 13.75813,15.165989 0.21888,0.56054 0.27404,1.49822 0.12253,2.08372 -0.15468,0.59812 -7.28904,7.94281 -16.28256,16.76273 -17.87553,17.5305 -17.1647,17.03406 -20.40621,14.25108 -0.92702,-0.7959 -5.63338,-4.90415 -10.45855,-9.12944 -4.82517,-4.22529 -8.88333,-7.68233 -9.01811,-7.68233 -0.13483,0 -0.24506,9.21849 -0.24506,20.48555 v 20.48555 h 21.29861 21.29861 l 0.96831,1.03072 c 0.53257,0.56691 0.96701,1.41859 0.96541,1.89269 -0.002,0.47408 -2.80584,20.58893 -6.23169,44.69966 -5.76258,40.55641 -6.32531,44.0439 -7.51807,46.59279 -1.63018,3.48362 -3.81056,5.90413 -6.82039,7.57151 l -2.36187,1.30843 -73.03548,0.0946 c -58.95937,0.0763 -73.34597,-0.017 -74.64657,-0.48394 z m 146.79137,-6.13956 c 2.89522,-1.60273 4.71102,-4.37173 5.50174,-8.38985 0.91573,-4.65347 2.84211,-19.1929 2.57794,-19.45707 -0.43276,-0.43276 -5.20515,0.68318 -7.33873,1.71602 -1.08822,0.5268 -3.66377,2.54517 -5.72346,4.48526 -5.25639,4.9512 -7.442,5.90772 -13.49903,5.90772 -4.14941,0 -4.96496,-0.13533 -7.24124,-1.20211 -1.57159,-0.73648 -3.94065,-2.51234 -6.11625,-4.58478 -5.971,-5.68784 -11.67733,-7.51534 -18.22511,-5.83672 -3.66818,0.9404 -5.26951,1.94401 -9.49536,5.95101 -2.06612,1.95914 -4.47443,3.74993 -6.01205,4.47049 -2.2763,1.06671 -3.09183,1.20211 -7.24125,1.20211 -6.05188,0 -8.2442,-0.958 -13.48115,-5.89087 -5.36526,-5.05375 -9.56529,-6.74464 -15.39981,-6.1998 -4.26594,0.39835 -7.86044,2.27212 -12.09282,6.30378 -2.1756,2.07244 -4.54465,3.8483 -6.11625,4.58478 -2.27628,1.06671 -3.09182,1.20211 -7.24124,1.20211 -6.01133,0 -8.06327,-0.89801 -13.44469,-5.88392 -2.12847,-1.97202 -4.74438,-4.00879 -5.81316,-4.52618 -2.10522,-1.01912 -6.87386,-2.1284 -7.30335,-1.6989 -0.26453,0.26451 1.664,14.81602 2.57865,19.45707 0.2655,1.34714 0.84852,3.16974 1.29562,4.05021 1.01146,1.99189 3.60376,4.31125 5.21558,4.66641 0.66908,0.14745 1.41691,0.33648 1.66184,0.42012 0.24494,0.0836 32.20909,0.11614 71.03145,0.0724 64.85446,-0.0732 70.6946,-0.13971 71.92213,-0.81927 z M 132.51846,240.97451 c 0.97974,-0.42256 3.08397,-2.03369 4.67605,-3.58032 5.93932,-5.76975 10.49096,-7.74999 17.81352,-7.74999 7.34245,0 11.80507,1.9499 18.14026,7.92619 3.62512,3.41976 5.58743,4.36985 9.02538,4.36985 3.43794,0 5.40025,-0.95009 9.02537,-4.36985 6.33519,-5.97629 10.79781,-7.92619 18.14026,-7.92619 7.31448,0 11.86188,1.97494 17.81353,7.73643 3.41378,3.30471 5.86742,4.53637 9.09481,4.56537 3.72618,0.0335 5.36889,-0.77517 9.68066,-4.76537 2.27571,-2.10601 5.15233,-4.27223 6.7374,-5.07361 2.68381,-1.35683 7.74047,-2.70183 10.21703,-2.71759 0.89473,-0.005 1.27534,-0.27259 1.43995,-1.00973 0.23433,-1.04932 7.81226,-54.19568 7.81038,-54.77661 -5.9e-4,-0.1837 -28.7447,-0.27834 -43.11693,-0.334 -14.37224,-0.0557 -43.11585,0 -43.11585,0 l -1.00092,2.41487 c -1.1908,2.87305 -4.4633,6.12761 -7.52768,7.4864 -4.43668,1.96732 -10.64286,0.89398 -14.70774,-2.54364 -1.61105,-1.36242 -4.08238,-5.33824 -4.08902,-6.57829 -0.003,-0.73523 -1.88256,-0.77934 -33.18188,-0.77934 -18.24773,0 -33.178174,0.1503 -33.178763,0.334 -0.0017,0.58093 7.576058,53.72729 7.810373,54.77661 0.16461,0.73714 0.54523,1.00404 1.43995,1.00973 2.47656,0.0151 7.53322,1.36076 10.21703,2.71759 1.58507,0.80138 4.46169,2.9676 6.7374,5.07361 5.50733,5.09662 8.93825,6.0198 14.09943,3.79388 z m -22.17185,-16.68632 c -8.61769,-2.29007 -10.33996,-14.00984 -2.75274,-18.73208 1.90303,-1.18443 2.53756,-1.33602 5.59278,-1.33602 3.11693,0 3.62949,0.12876 5.3645,1.34845 2.71557,1.90889 4.35331,4.42346 4.68055,7.18643 0.36629,3.09278 -0.051,4.98266 -1.62451,7.35832 -2.35017,3.5481 -7.0551,5.29247 -11.26058,4.1749 z m 4.5899,-6.26723 c 1.59833,-0.82652 2.21777,-1.91959 2.21777,-3.91342 0,-2.95882 -3.52243,-4.88162 -6.2594,-3.41684 -2.26705,1.21329 -2.66682,4.79494 -0.73157,6.55425 1.72294,1.56632 2.88086,1.75459 4.7732,0.77601 z m 17.36806,5.44783 c -2.23498,-1.13724 -2.24917,-1.29187 -2.12686,-23.18507 l 0.008,-24.92804 1.05134,-0.85101 c 1.24733,-1.00965 2.68107,-1.09078 3.8736,-0.2192 0.82618,0.60383 0.98052,5.99059 1.19333,24.22037 l 0.22268,19.07438 h 45.64717 45.64716 l 0.22267,-19.07438 c 0.2128,-18.22978 -0.25853,-24.83911 0.56765,-25.44294 1.19261,-0.87165 3.87359,0.21943 3.87359,0.21943 l 1.42686,1.45209 0.14391,26.09372 v 20.95783 l -1.01431,1.0145 -1.01431,1.01451 -49.3089,0.10789 c -38.99026,0.0853 -49.54007,-0.0101 -50.41348,-0.45412 z m 114.0851,-7.82931 c -8.72625,-3.07863 -9.53382,-14.8651 -1.29962,-18.96836 7.24705,-3.61136 15.62242,2.02264 14.89716,10.02111 -0.25806,2.84592 -1.02092,4.56004 -2.83821,6.37732 -2.94466,2.94469 -6.97109,3.90641 -10.75933,2.56993 z m 5.26568,-6.07994 c 1.57024,-0.812 2.21777,-1.91735 2.21777,-3.78575 0,-1.99689 -2.09064,-4.00306 -4.17161,-4.00306 -3.35604,0 -5.38417,3.83269 -3.37785,6.38331 1.61256,2.05003 3.25038,2.48178 5.33169,1.4055 z m -75.12478,-32.99937 c 1.01438,-0.66832 2.04762,-1.878 2.55091,-2.98653 3.31395,-7.29921 -4.65501,-14.38637 -11.2096,-9.96922 -2.40461,1.62045 -3.51175,3.64216 -3.51175,6.4126 0,2.63254 0.65543,4.25411 2.36484,5.85073 2.65533,2.48013 6.66263,2.76312 9.8056,0.69242 z M 158.57492,166.255 c 0.007,-1.24005 2.47797,-5.21587 4.08902,-6.5783 7.42641,-6.2804 18.61087,-3.80211 22.22824,4.92543 l 1.0081,2.43221 h 21.07161 21.07162 v -24.79253 c 0,-27.56617 -0.12742,-26.42137 2.94203,-26.42137 1.27518,0 2.91827,1.26639 12.51178,9.64323 6.0741,5.30378 11.55688,10.11449 12.18398,10.69047 l 1.14016,1.04724 13.22199,-12.95624 c 7.2721,-7.12593 13.222,-13.13336 13.222,-13.34983 0,-0.30146 -13.3365,-14.704782 -23.83069,-25.73699 l -0.99606,-1.047116 -1.90983,3.496479 c -2.71882,4.977583 -3.40432,5.855254 -5.34754,6.846607 -2.20623,1.125534 -5.10575,1.123043 -7.32084,-0.0067 -1.72306,-0.878462 -1.74827,-0.878664 -2.66093,-0.02121 -1.18462,1.112877 -3.89518,2.244135 -5.3771,2.244135 -0.63604,0 -2.15298,-0.428703 -3.37099,-0.952674 l -2.21456,-0.952673 -0.98536,0.923016 c -2.87426,2.692345 -7.37776,2.493816 -10.44042,-0.460229 -1.74365,-1.681805 -2.47475,-3.717445 -2.27406,-6.331775 0.13886,-1.808312 0.032,-2.037981 -1.39777,-3.003193 -2.48614,-1.678422 -3.57332,-3.661144 -3.57332,-6.516807 0,-2.324169 0.29547,-2.988499 5.1214,-11.515269 2.81676,-4.976859 5.12139,-9.216086 5.12139,-9.420507 0,-0.204421 -2.03325,-1.250089 -4.51833,-2.323715 l -4.51833,-1.952054 -0.71441,1.085728 c -4.10713,6.242046 -8.44743,10.178842 -14.51986,13.169983 -5.75314,2.833883 -8.72489,3.513959 -15.36417,3.516096 -4.44172,0.0014 -6.26865,-0.200044 -9.04001,-0.996848 -8.33245,-2.395771 -15.43643,-7.581629 -20.1146,-14.683505 -0.68572,-1.040989 -1.40544,-1.892688 -1.59939,-1.892688 -0.75248,0 -8.88111,3.736532 -8.88111,4.082423 0,0.201442 2.30463,4.438228 5.1214,9.415087 4.82593,8.52677 5.12139,9.1911 5.12139,11.515269 0,2.855663 -1.08717,4.838385 -3.57332,6.516807 -1.42968,0.965212 -1.53658,1.194881 -1.39777,3.003193 0.20069,2.61433 -0.53041,4.64997 -2.27406,6.331775 -3.06264,2.954045 -7.56616,3.152574 -10.44042,0.460229 l -0.98536,-0.923047 -2.21456,0.952673 c -1.21801,0.523971 -2.73495,0.952674 -3.37098,0.952674 -1.48193,0 -4.19249,-1.131258 -5.3771,-2.244135 -0.91267,-0.857406 -0.93788,-0.857204 -2.66092,0.02121 -2.2151,1.129322 -5.11463,1.131813 -7.32086,0.0067 -1.94322,-0.991353 -2.62872,-1.869024 -5.34754,-6.846607 l -1.90983,-3.496479 -0.99606,1.047116 c -9.594178,10.086066 -23.830683,25.420651 -23.830683,25.668801 0,0.30205 12.487391,12.76789 22.266913,22.22849 l 4.23071,4.09275 12.19777,-10.66397 c 12.93303,-11.30675 13.67174,-11.77346 15.71214,-9.92692 0.77047,0.69727 0.8144,2.07895 0.8144,25.60695 v 24.86991 h 11.13347 c 10.30479,0 11.13375,-0.0581 11.13763,-0.77933 z m 41.07085,-23.56634 c -2.96322,-1.04865 -6.55518,-4.61051 -7.69536,-7.6308 -1.8455,-4.88869 -0.6817,-10.48923 2.93024,-14.10118 2.80652,-2.80651 4.80291,-3.57074 9.33726,-3.57436 3.60984,-0.003 4.24399,0.12742 6.38291,1.31232 2.59614,1.43808 4.04785,2.94475 5.54797,5.75803 1.39665,2.6192 1.41011,9.04087 0.0244,11.63066 -3.17769,5.93889 -10.33157,8.79801 -16.52743,6.60533 z m 8.47197,-6.6181 c 2.11394,-1.43645 3.00335,-3.17476 3.00124,-5.86585 -0.003,-4.04335 -2.8069,-6.81018 -6.90107,-6.81018 -4.13861,0 -6.89799,2.7619 -6.90107,6.90737 -0.003,5.54824 6.22738,8.87646 10.8009,5.76866 z M 141.56088,90.152937 c 0.0832,-0.583706 -2.30436,-5.229587 -6.1794,-12.024133 -4.02109,-7.050649 -6.32166,-11.542957 -6.33327,-12.366969 -0.0343,-2.436436 3.21828,-3.856593 4.92466,-2.150214 0.43252,0.432524 2.84164,4.431395 5.3536,8.886362 2.51196,4.454993 4.7651,8.222277 5.00698,8.371776 0.65746,0.406334 2.09386,-0.168468 2.39735,-0.959355 0.2231,-0.581383 -11.17036,-21.425208 -14.60081,-26.711501 -1.84683,-2.845951 -5.67186,-4.476268 -8.83066,-3.763833 -2.33587,0.526815 -15.4021,7.930819 -17.34703,9.829702 -1.87857,1.834081 -2.80472,4.61417 -2.37819,7.138771 0.16091,0.952118 2.87341,6.255486 6.18135,12.08529 5.58531,9.843404 5.96306,10.388649 7.19733,10.388649 0.89679,0 1.35039,-0.24793 1.45589,-0.795768 0.0843,-0.437674 -1.29718,-3.414004 -3.06996,-6.61406 -3.54699,-6.402755 -3.68511,-7.432467 -1.18458,-8.831247 2.18335,-1.221332 3.18337,-0.167307 8.13292,8.571568 5.01333,8.851579 5.63773,9.674851 6.78838,8.950247 0.42404,-0.267052 0.83478,-0.809604 0.91277,-1.205687 0.0779,-0.3961 -1.97614,-4.455986 -4.56472,-9.021984 -2.58858,-4.566014 -4.70649,-8.735012 -4.70649,-9.264452 0,-2.744894 3.35464,-3.99813 5.19341,-1.940171 0.4924,0.55112 3.65086,5.873407 7.01878,11.827328 5.77315,10.205991 6.19137,10.817486 7.30976,10.688118 0.81678,-0.09443 1.22853,-0.4335 1.32193,-1.088437 z m 89.87197,-9.625551 c 3.35984,-5.939699 6.51168,-11.250338 7.00409,-11.801458 1.83876,-2.057959 5.1934,-0.804723 5.1934,1.940171 0,0.52944 -2.11792,4.698438 -4.7065,9.264452 -2.58857,4.565998 -4.6427,8.625884 -4.56471,9.021984 0.0779,0.396083 0.48872,0.938635 0.91276,1.205687 1.15065,0.724604 1.77505,-0.09863 6.78839,-8.950247 4.94954,-8.738942 5.94958,-9.7929 8.13291,-8.571568 2.50049,1.398747 2.36238,2.428543 -1.18421,8.830557 -3.47575,6.274161 -3.77642,7.820302 -1.4678,7.547747 1.01133,-0.119337 1.92773,-1.486877 7.05387,-10.525878 3.30345,-5.825057 6.01744,-11.133947 6.17817,-12.08529 0.42653,-2.524601 -0.49962,-5.30469 -2.37818,-7.138771 -1.93395,-1.888178 -15.00541,-9.301591 -17.32192,-9.824047 -3.3592,-0.757627 -7.00091,0.866748 -8.98674,4.008499 -4.13548,6.54266 -14.69901,25.863975 -14.46872,26.464125 0.3009,0.784104 1.73856,1.362862 2.38817,0.961392 0.23744,-0.146772 2.55755,-4.017436 5.15583,-8.601511 2.59825,-4.584066 5.0493,-8.585176 5.44678,-8.891361 1.78902,-1.378077 4.71575,0.10402 4.69993,2.379966 -0.005,0.836804 -2.23517,5.189662 -6.30896,12.318342 -6.99481,12.240184 -7.35122,13.246668 -4.69075,13.246668 0.86114,0 1.94352,-1.640752 7.12419,-10.799459 z m -42.4052,-15.463022 c 4.6071,-1.178302 8.9874,-3.555643 12.52651,-6.798603 1.60749,-1.472974 2.84368,-2.757147 2.7471,-2.853744 -0.0966,-0.09661 -2.76009,0.267607 -5.91888,0.809318 -8.30714,1.424616 -24.11029,1.424616 -32.41743,0 -3.15878,-0.541711 -5.82228,-0.905898 -5.91886,-0.809318 -0.0966,0.09661 1.13959,1.38077 2.74708,2.853744 7.18583,6.584521 17.06322,9.144215 26.23448,6.798603 z"
         id="path1"
         sodipodi:nodetypes="ssscsscsssssscssscsssssssscssssssssssssscssssscccsssssccsssssssssssssssssssssssssscsssssssssssscsszcssscscscsssssscsssssssssscssscccssscccccssssssssssssssssssscsscccsssscssscssccsscsssssssscssssssssssssscsssscscssscssscscsssccsssscscscssssssssssssssssssssssscssssssssscssssssssscsssssssssss" /><path
         style="fill:#ffffff;fill-opacity:0.967273;stroke:#79db71;stroke-width:2.39808;stroke-linecap:round;stroke-linejoin:round;stroke-miterlimit:50;stroke-opacity:1"
         d="m 138.1123,147.96214 c -0.0772,-9.41822 -0.48281,-20.63894 -0.90127,-24.93498 -1.08614,-11.1511 -2.79959,-10.98452 -17.64325,1.71522 L 107.60979,134.97325 95.383615,122.80362 83.157435,110.63398 94.181934,98.748674 c 10.935206,-11.789061 11.039096,-11.863171 12.827016,-9.150981 3.70956,5.627185 6.00551,7.082755 11.16069,7.0755 6.17335,-0.0084 15.80941,0.826217 20.70169,1.793669 4.62097,0.913808 10.1966,-3.11706 10.1966,-7.37157 0,-1.604346 1.08152,-3.998501 2.40336,-5.32036 3.51863,-3.518613 2.96835,-8.81354 -1.80252,-17.344653 -4.92833,-8.812664 -5.03767,-9.555682 -1.63,-11.076223 2.19773,-0.980664 3.3508,-0.320946 7.85449,4.493857 14.26339,15.248705 38.17861,15.248705 52.44202,0 4.50368,-4.814803 5.65674,-5.474521 7.85448,-4.493857 3.40766,1.520541 3.29832,2.263559 -1.63001,11.076223 -4.77086,8.531113 -5.32113,13.82604 -1.80252,17.344653 1.32186,1.321859 2.40336,3.509473 2.40336,4.86136 0,1.351904 1.38399,3.841983 3.07554,5.533516 2.48538,2.4854 3.81118,2.932096 6.90967,2.328091 5.15061,-1.00406 14.70604,-1.834182 20.96426,-1.821272 5.13365,0.0101 8.62397,-2.303012 11.71241,-7.763748 1.0433,-1.844702 2.68065,-0.531713 12.28474,9.851112 l 11.081,11.979479 -11.87187,11.66388 c -6.52953,6.41515 -12.32803,11.58757 -12.88558,11.49429 -0.55755,-0.0933 -6.07474,-4.50072 -12.26045,-9.79432 -16.73064,-14.31775 -16.31614,-14.71555 -16.71682,16.04386 l -0.3248,24.93495 h -20.32328 c -19.17874,0 -20.36569,-0.13365 -21.07618,-2.37213 -0.96688,-3.04634 -6.1664,-6.71445 -11.00102,-7.76091 -5.00825,-1.08402 -11.45185,1.68135 -14.95345,6.41752 -2.66263,3.6014 -3.03536,3.71552 -12.13451,3.71552 h -9.38749 z m 73.96306,-5.64353 c 12.10937,-7.98254 6.70776,-26.50155 -7.72993,-26.50155 -11.08848,0 -17.82028,11.56964 -12.60259,21.65953 3.56545,6.89483 13.59517,9.28331 20.33252,4.84202 z"
         id="path3" /><path
         style="fill:#ffffff;fill-opacity:0.967273;stroke:#79db71;stroke-width:0.847849;stroke-linecap:round;stroke-linejoin:round;stroke-miterlimit:50;stroke-opacity:1"
         d="m 137.53934,209.79998 c -0.0396,-11.4924 -0.71032,-34.04585 -1.03613,-34.8385 -0.28452,-0.69229 0.23198,-0.74331 7.49357,-0.74051 4.28952,0.002 9.08581,0.12455 10.65839,0.27308 l 2.85927,0.27004 0.94345,1.95744 c 0.5189,1.07659 1.91478,2.93178 3.10196,4.12262 2.95534,2.9645 6.02136,4.14075 10.84177,4.15935 3.15074,0.0118 3.90682,-0.13937 5.92849,-1.18829 2.93787,-1.52424 6.46173,-5.11414 7.50143,-7.64197 l 0.80288,-1.9521 20.28706,-0.002 20.28704,-0.002 -8.9e-4,7.54127 c -3.9e-4,4.14769 -0.12691,13.70703 -0.28109,21.24299 l -0.28036,13.70173 h -44.54163 -44.54162 z"
         id="path4" /><path
         style="fill:#00ffff;fill-opacity:0.967273;stroke:#79db71;stroke-width:0.423923;stroke-linecap:round;stroke-linejoin:round;stroke-miterlimit:50;stroke-opacity:1"
         d="m 111.47373,217.02676 c -1.07834,-0.78114 -1.5265,-1.61202 -1.5265,-2.83003 0,-1.79466 1.59236,-3.26886 3.26186,-3.01977 1.90398,0.28407 2.89702,1.37759 2.89702,3.19026 0,1.37577 -0.54104,2.25639 -1.74417,2.83878 -1.2583,0.60914 -1.85062,0.57238 -2.88821,-0.17924 z"
         id="path8" /><path
         style="fill:#00ffff;fill-opacity:0.967273;stroke:#79db71;stroke-width:0.423923;stroke-linecap:round;stroke-linejoin:round;stroke-miterlimit:50;stroke-opacity:1"
         d="m 170.77519,176.86682 c -1.88425,-0.37763 -3.71392,-1.68852 -4.70149,-3.36839 -0.53215,-0.90522 -0.57606,-1.15798 -0.57606,-3.31663 0,-2.16521 0.0428,-2.40949 0.58273,-3.32799 2.2006,-3.74347 7.19436,-4.73533 10.25907,-2.03766 1.27807,1.12501 1.94214,2.19781 2.35289,3.80113 0.81277,3.1725 -1.00421,6.67841 -4.04334,7.80179 -1.3852,0.51202 -2.76015,0.67094 -3.8738,0.44775 z"
         id="path9" /><path
         style="fill:#00ffff;fill-opacity:0.967273;stroke:#79db71;stroke-width:0.423923;stroke-linecap:round;stroke-linejoin:round;stroke-miterlimit:50;stroke-opacity:1"
         d="m 248.20389,208.63871 c -1.58179,-1.07487 -2.10499,-2.89291 -1.24053,-4.31076 0.91804,-1.5057 2.87839,-1.99053 4.26638,-1.05516 2.22633,1.50032 2.2166,4.22426 -0.0194,5.40662 -1.17845,0.62318 -2.04681,0.61141 -3.00652,-0.0407 z"
         id="path10" /><path
         style="fill:#00ffff;fill-opacity:0.967273;stroke:#79db71;stroke-width:0.423923;stroke-linecap:round;stroke-linejoin:round;stroke-miterlimit:50;stroke-opacity:1"
         d="m 202.77909,136.10057 c -1.08688,-0.33181 -2.29063,-1.07354 -2.93705,-1.80978 -1.21371,-1.38233 -1.41608,-1.96015 -1.41696,-4.04581 -8.9e-4,-1.72241 0.0616,-2.02447 0.62848,-3.04795 1.11288,-2.00918 2.94765,-2.90774 5.61219,-2.74853 2.47207,0.14761 4.13048,1.2344 5.04881,3.30833 0.49449,1.1167 0.49927,3.70072 0.008,4.97068 -0.94461,2.44794 -4.42996,4.14078 -6.94467,3.37306 z"
         id="path11" /><path
         style="fill:#e6e6e6;fill-opacity:0.967273;stroke:#79db71;stroke-width:0.423923;stroke-linecap:round;stroke-linejoin:round;stroke-miterlimit:50;stroke-opacity:1"
         d="m 177.7329,64.594608 c -4.96815,-0.87215 -10.48267,-3.558941 -13.93469,-6.789294 -1.03384,-0.967452 -1.17428,-1.172327 -0.74351,-1.084752 1.67837,0.341212 6.89158,0.993575 9.45313,1.182914 3.83557,0.283513 15.49555,0.283513 19.33112,0 2.56154,-0.189339 7.77475,-0.841702 9.45314,-1.182914 0.43076,-0.08752 0.29033,0.117317 -0.7435,1.084752 -3.14616,2.94413 -7.67853,5.298293 -12.53338,6.510023 -2.29924,0.573859 -7.75942,0.72218 -10.28231,0.279271 z"
         id="path12" /><path
         style="fill:#0000ff;fill-opacity:0.967273;stroke:#79db71;stroke-width:1.69569;stroke-linecap:round;stroke-linejoin:round;stroke-miterlimit:50;stroke-opacity:1"
         d="m 109.9303,262.20626 c -2.97625,-1.44417 -4.57563,-5.32509 -5.93146,-14.3928 -0.71414,-4.77618 -1.18595,-9.1335 -1.04847,-9.68295 0.47951,-1.91629 5.26897,0.32532 10.82283,5.06541 6.05191,5.16516 8.3402,5.91105 16.53377,5.38932 4.41773,-0.28129 5.97489,-0.80299 8.53502,-2.85945 9.94386,-7.98758 13.29971,-9.54016 18.50842,-8.56302 3.09253,0.58017 8.34702,3.78649 13.69331,8.35576 3.02467,2.58506 3.77428,2.81006 10.19662,3.06057 7.56917,0.29522 8.74379,-0.2126 18.18801,-7.86356 7.01075,-5.67955 14.46682,-4.84472 23.18361,2.59581 5.68791,4.85512 7.1844,5.42223 14.30819,5.42223 6.10483,0 8.97142,-1.34192 16.29729,-7.6292 3.2514,-2.79044 8.45562,-4.79348 8.45562,-3.25447 0,3.90635 -2.95358,19.3784 -4.05533,21.24352 -0.75943,1.2856 -2.50894,2.73072 -3.88783,3.2114 -3.41235,1.18956 -141.3398,1.09502 -143.7996,-0.0986 z"
         id="path16" /><path
         style="fill:#f9f9f9;fill-opacity:0.967273;stroke:#79db71;stroke-width:0.599519;stroke-linecap:round;stroke-linejoin:round;stroke-miterlimit:50;stroke-opacity:1"
         d="m 139.63118,89.801967 c -0.66465,-0.789449 -1.93762,-2.919361 -5.96585,-9.981921 -4.49357,-7.878435 -6.66196,-11.411205 -7.43168,-12.107794 -0.89588,-0.810761 -2.42089,-1.146817 -3.67354,-0.809513 -1.51477,0.407885 -2.43955,1.494456 -2.61779,3.075789 -0.1688,1.497651 0.52399,3.005674 5.89709,12.83624 2.9402,5.379365 3.34837,6.318334 2.74655,6.318334 -0.42251,0 -1.69352,-1.955347 -4.97961,-7.66074 -4.40002,-7.639439 -5.92824,-9.703328 -7.5458,-10.190787 -0.92003,-0.277254 -2.97813,0.633174 -3.89526,1.723121 -1.2406,1.474371 -0.92578,2.6792 2.41248,9.232659 1.94238,3.813159 2.7576,5.694064 2.46791,5.694064 -0.62345,0 -2.72726,-3.33982 -7.50978,-11.921843 -4.79793,-8.609688 -5.42582,-10.380657 -4.66704,-13.16333 0.65803,-2.413199 5.20128,-5.688752 14.75967,-10.641314 3.13025,-1.621903 3.72013,-1.826172 5.27349,-1.826172 1.99377,0 4.24899,0.950379 5.51975,2.326091 1.31068,1.418928 7.84819,12.817196 12.9903,22.648817 1.71888,3.286467 2.19394,4.436446 1.88214,4.556094 -0.29132,0.111796 -1.61609,-1.915514 -4.39402,-6.724219 -5.51929,-9.554121 -6.11426,-10.43411 -7.42487,-10.981715 -1.31545,-0.549629 -2.71315,-0.350188 -3.85824,0.550539 -1.05124,0.826905 -1.71496,2.408933 -1.45753,3.474147 0.29831,1.234353 2.48087,5.499602 6.41685,12.540057 4.41105,7.89024 6.07597,11.190784 5.74747,11.393813 -0.14082,0.08704 -0.45253,-0.07515 -0.69269,-0.360417 z"
         id="path17" /><path
         style="fill:#f9f9f9;fill-opacity:0.967273;stroke:#79db71;stroke-width:0.599519;stroke-linecap:round;stroke-linejoin:round;stroke-miterlimit:50;stroke-opacity:1"
         d="m 223.97394,89.658841 c 0.3433,-1.108412 1.50797,-3.30567 5.6928,-10.740062 6.29044,-11.174998 6.89946,-12.52366 6.42736,-14.233384 -0.54334,-1.967874 -3.05251,-3.312626 -4.9877,-2.67309 -1.2035,0.397731 -2.38683,2.110557 -7.29227,10.555225 -2.7215,4.685038 -4.48659,7.429845 -4.72021,7.340194 -0.42182,-0.16187 1.30784,-3.761435 5.30534,-11.04096 5.60021,-10.19804 8.78214,-15.497214 9.96264,-16.591721 1.19206,-1.105197 3.27728,-1.882548 5.0691,-1.889682 1.43233,-0.0057 2.12306,0.230823 5.10717,1.748829 4.47191,2.274869 11.42422,6.421707 12.8183,7.645728 1.37214,1.204742 2.49237,3.567417 2.49621,5.264704 0.002,1.015065 -0.45205,2.190926 -2.08949,5.407582 -3.67531,7.220034 -9.71405,17.479215 -10.28856,17.479215 -0.55729,0 -0.0825,-1.170416 2.52177,-6.215552 2.28103,-4.419063 2.76201,-5.587328 2.77889,-6.749723 0.0246,-1.692313 -0.75934,-2.688859 -2.69743,-3.429024 -2.55715,-0.976583 -3.67489,0.163654 -8.73694,8.91286 -3.96941,6.860713 -5.12696,8.683122 -5.51528,8.683122 -0.16731,0 -0.30415,-0.138559 -0.30415,-0.307921 0,-0.42752 1.80602,-3.971285 4.21112,-8.263082 3.20078,-5.711659 4.80152,-9.066811 4.80152,-10.064029 0,-2.082643 -1.62215,-3.672148 -3.79541,-3.719021 -2.42356,-0.05226 -2.87847,0.529397 -9.72905,12.44015 -2.5184,4.378642 -5.03284,8.67091 -5.58761,9.538376 -1.04318,1.631131 -1.82488,2.117636 -1.44812,0.901266 z"
         id="path18" /></g><g
       id="g29"
       inkscape:export-filename="drying_dark.png"
       inkscape:export-xdpi="96"
       inkscape:export-ydpi="96"
       transform="matrix(1.7136765,0,0,1.7136765,-122.97549,-25.496335)"><path
         style="fill:#ffffff;fill-opacity:1;stroke:#ff9600;stroke-width:0.503722;stroke-linecap:round;stroke-linejoin:round;stroke-miterlimit:50;stroke-opacity:1"
         d="m 253.99876,122.74477 0.12189,-35.689701 c 0,0 -4.23333,0.853906 -4.16057,2.761017 l -6.49933,4.311219 c -8.63415,5.727303 -9.88473,6.464325 -10.18953,6.005055 -0.13047,-0.196634 -1.98186,-3.26443 -4.11417,-6.817323 -4.0613,-6.767007 -6.07583,-10.309847 -5.91968,-10.410608 0.051,-0.03291 0.77428,-0.503185 1.60724,-1.045049 9.08121,-5.907468 21.95407,-14.242613 22.89342,-14.823469 2.97735,-1.841013 8.49929,-3.671467 12.69735,-5.880835 l 0.88273,0.0876 c 1.69482,0.168201 1.72895,0.236212 1.58022,3.15023 -0.15634,3.06302 0.1265,4.569439 1.33517,7.111254 2.64943,5.571654 9.13829,9.746832 16.31394,10.497031 2.91458,0.30471 7.17431,0.108395 9.22222,-0.425019 7.46955,-1.945573 12.99408,-6.857296 14.59357,-12.974806 0.33705,-1.28909 0.39507,-2.217706 0.27072,-4.333063 l -0.15825,-2.692358 1.19896,-0.255714 c 0.65945,-0.140642 1.23264,-0.222052 1.27378,-0.180909 0.0412,0.04114 -0.75898,1.901285 0.28723,1.969146 3.93547,0.255262 8.26831,0.255973 11.34825,3.14702 l 1.34194,0.853342 c 5.19144,3.301235 23.86613,15.466626 24.11555,15.709757 0.33618,0.327721 0.1003,0.761852 -5.98924,11.024452 -1.77112,2.984828 -3.43247,5.682564 -3.69189,5.994968 l -0.47165,0.568013 -1.7975,-1.072848 c -0.98861,-0.590061 -4.65124,-2.947035 -8.13919,-5.237716 l -6.34169,-4.164877 -4.22293,-2.270212 0.18425,35.084403 v 40.26046 h -29.78518 -29.78515 z"
         id="path25"
         sodipodi:nodetypes="cccsssssscssssssscssscsssscssccccccc" /><path
         style="fill:#fff9ff;fill-opacity:1;stroke:#ff9600;stroke-width:0.8;stroke-dasharray:none;stroke-opacity:1"
         d="m 250.53675,166.43167 -0.64944,-0.64943 v -16.31799 -16.31799 l -1.38906,0.17887 c -1.86791,0.24052 -4.39273,1.45062 -5.8724,2.81453 -0.75245,0.69359 -1.58532,1.87114 -2.19278,3.10025 -0.94813,1.9184 -0.9829,2.09091 -1.08558,5.38653 l -0.10608,3.40466 h -2.05409 -2.0541 l -0.10608,-3.40466 c -0.10268,-3.29562 -0.13745,-3.46813 -1.08558,-5.38653 -1.1835,-2.39466 -2.72667,-3.90015 -5.17339,-5.04707 -1.62991,-0.76403 -2.02959,-0.8367 -5.14075,-0.93471 l -3.37344,-0.10627 v -2.05409 -2.0541 l 3.40466,-0.10608 c 3.29562,-0.10268 3.46813,-0.13745 5.38654,-1.08557 2.39466,-1.18351 3.90014,-2.72668 5.04706,-5.1734 0.76403,-1.6299 0.8367,-2.02959 0.93471,-5.14075 l 0.10627,-3.37343 h 2.0541 2.05409 l 0.10627,3.37343 c 0.098,3.11116 0.17068,3.51085 0.93471,5.14075 0.45564,0.97203 1.33171,2.3133 1.94682,2.98061 1.34588,1.46011 4.28997,2.97099 6.26904,3.21722 l 1.38906,0.17282 v -17.101 -17.101006 l -8.13526,5.425246 c -5.45105,3.63521 -8.36588,5.42526 -8.83423,5.42526 -0.38443,0 -0.93658,-0.20836 -1.227,-0.46302 -0.80672,-0.7074 -13.5535,-22.163325 -13.5535,-22.813835 0,-0.31374 0.10806,-0.77096 0.24013,-1.01605 0.13207,-0.2451 6.79515,-4.67235 14.80684,-9.83834 l 14.5667,-9.39271 0.01,-4.68014 0.01,-4.68014 -1.12448,-0.14876 c -0.61846,-0.0818 -3.4793,-0.4501 -6.3574,-0.8184 -5.64969,-0.72298 -14.67121,-2.17104 -18.70474,-3.00235 -3.56011,-0.73373 -3.44671,-0.5137 -3.44671,-6.68759 0,-4.96626 0.006,-5.01544 0.64943,-5.65923 0.35719,-0.35718 0.8632,-0.64851 1.12448,-0.64738 0.26127,10e-4 2.26098,0.34865 4.44379,0.77229 5.47593,1.06274 21.52612,3.459 23.16851,3.459 0.10352,0 0.26575,-0.41322 0.36049,-0.91826 0.21621,-1.15247 1.31753,-2.4829 2.44546,-2.95418 1.28864,-0.53842 6.48432,-0.48882 7.66872,0.0732 1.34215,0.63689 2.26413,1.98887 2.41302,3.53843 0.0868,0.90324 0.2576,1.34208 0.5554,1.42696 2.43174,0.69306 32.26265,1.11575 41.87362,0.59332 l 4.1373,-0.2249 0.11317,-1.5646 c 0.12031,-1.66326 0.60038,-2.55422 1.89963,-3.52551 0.61173,-0.45731 1.20187,-0.56012 3.64986,-0.63582 1.60609,-0.0497 3.33083,-0.0133 3.83277,0.0809 1.31123,0.24599 2.94551,1.95822 3.16214,3.31297 0.15622,0.9769 0.23607,1.06199 0.99591,1.0612 2.29288,-0.002 14.57594,-1.99059 22.33354,-3.61502 5.00466,-1.04797 5.63838,-1.01471 6.14681,0.32256 0.1426,0.37506 0.25927,2.80411 0.25927,5.39789 0,5.77378 0.0507,5.67215 -3.18963,6.39226 -6.75484,1.50114 -19.27725,3.58883 -24.52547,4.0888 l -1.91823,0.18274 0.01,4.52987 0.01,4.52988 14.56768,9.39163 c 8.01223,5.1654 14.67527,9.59265 14.80675,9.83834 0.13149,0.24569 0.23907,0.70339 0.23907,1.01713 0,0.65051 -12.74678,22.106435 -13.5535,22.813835 -0.29042,0.25466 -0.84257,0.46302 -1.22701,0.46302 -0.46834,0 -3.38317,-1.79005 -8.83422,-5.42526 l -8.13527,-5.425246 v 35.467486 35.46749 l -0.64943,0.64943 -0.64943,0.64943 h -32.5678 -32.5678 z m 62.85056,-43.80057 0.15776,-36.556612 h 2.11667 l 1.9589,0.003 v 3.663016 l 8.07686,5.37866 c 4.85189,3.23104 8.17072,5.281116 8.31192,5.134376 0.57279,-0.595256 10.33723,-17.130422 10.19812,-17.269542 -0.0855,-0.0855 -5.89411,-3.86653 -12.90812,-8.4024 l -12.75273,-8.24702 -0.79375,0.56547 c -0.68541,0.48828 -1.23363,0.57738 -4.01641,0.65279 -3.69744,0.1002 -4.65588,-0.18647 -5.8477,-1.74901 -0.57161,-0.74943 -0.72595,-1.27696 -0.8103,-2.76967 l -0.10419,-1.84392 -1.09299,0.17461 c -0.60115,0.096 -1.16589,0.25782 -1.25497,0.35952 -0.0891,0.10169 -0.0363,1.05537 0.11723,2.11929 0.97254,6.73812 -3.87258,13.76478 -11.53413,16.72743 -3.55835,1.37598 -5.25802,1.67752 -9.4555,1.67752 -4.19748,0 -5.89715,-0.30154 -9.4555,-1.67752 -7.66155,-2.96265 -12.50668,-9.98931 -11.53413,-16.72743 0.15356,-1.06392 0.20632,-2.0176 0.11723,-2.11929 -0.0891,-0.1017 -0.65382,-0.26348 -1.25497,-0.35952 l -1.093,-0.17461 -0.10419,1.84392 c -0.12098,2.14115 -0.8632,3.38546 -2.47586,4.15072 -1.47644,0.70061 -7.08136,0.50911 -8.19854,-0.28011 l -0.79375,-0.56075 -12.78844,8.27801 c -7.03365,4.5529 -12.8423,8.33186 -12.90811,8.39768 -0.11521,0.1152 9.75425,16.735446 10.23382,17.233832 0.1412,0.14674 3.46003,-1.903336 8.31192,-5.134376 l 8.07685,-5.37866 v -3.663016 l 1.98281,-0.04869 h 2.11667 l 0.13386,36.602322 v 40.21667 h 29.63333 29.63333 z m -20.73911,-9.00339 c 0,-2.09165 -0.59461,-3.64425 -1.90914,-4.98503 -1.29474,-1.32061 -2.87426,-1.9274 -5.01716,-1.9274 h -1.54037 v -2.11666 -2.11667 h 1.54037 c 2.29789,0 3.8112,-0.62064 5.15344,-2.11353 1.30658,-1.453226 1.77286,-2.732106 1.77286,-4.862476 v -1.49066 h 2.11666 2.11667 v 1.54037 c 0,2.29789 0.62064,3.8112 2.11353,5.153446 1.45323,1.30657 2.73211,1.77285 4.86248,1.77285 h 1.49065 v 2.11667 2.11666 h -1.49065 c -2.13037,0 -3.40925,0.46628 -4.86248,1.77286 -1.49289,1.34224 -2.11353,2.85555 -2.11353,5.15344 v 1.54037 h -2.11667 -2.11666 z m 3.11274,-7.97076 1.05833,-1.05833 -1.0272,-1.02721 -1.02721,-1.02721 -1.02912,1.02912 -1.02912,1.02912 0.96298,1.02116 c 0.52964,0.56164 0.97873,1.03703 0.99799,1.05642 0.0193,0.0194 0.51127,-0.44099 1.09335,-1.02307 z m -57.99063,29.7403 c 0.55767,-0.93815 2.77834,-3.15882 3.71648,-3.71648 0.40019,-0.23788 0.72761,-0.50023 0.72761,-0.583 0,-0.0828 -0.32742,-0.34512 -0.72761,-0.583 -0.93814,-0.55766 -3.15881,-2.77833 -3.71648,-3.71648 -0.23788,-0.40018 -0.50022,-0.7276 -0.58299,-0.7276 -0.0828,0 -0.34512,0.32742 -0.583,0.7276 -0.55767,0.93815 -2.77834,3.15882 -3.71648,3.71648 -0.40019,0.23788 -0.72761,0.50023 -0.72761,0.583 0,0.0828 0.32742,0.34512 0.72761,0.583 0.93814,0.55766 3.15881,2.77833 3.71648,3.71648 0.23788,0.40018 0.50023,0.7276 0.583,0.7276 0.0828,0 0.34511,-0.32742 0.58299,-0.7276 z m 51.75714,-58.000815 c 4.09671,-1.1643 8.00911,-3.88659 9.67772,-6.73386 0.90165,-1.53854 1.52606,-3.88038 1.43102,-5.367 -0.0971,-1.51859 -0.10532,-1.51927 -2.99159,-0.24765 -4.11726,1.81398 -8.08522,2.53937 -13.89062,2.53937 -5.8054,0 -9.77336,-0.72539 -13.89062,-2.53937 -2.88627,-1.27162 -2.89451,-1.27094 -2.99159,0.24765 -0.0956,1.49537 0.53056,3.83049 1.44603,5.39261 1.97714,3.37373 6.80044,6.29563 11.95184,7.24029 2.04517,0.37503 7.08536,0.0854 9.25781,-0.53204 z m -33.29014,-25.67366 v -11.64166 h -2.11666 -2.11667 v 11.64166 11.64167 h 2.11667 2.11666 z m 32.46478,11.37131 c 1.18586,-0.14869 3.08774,-0.50498 4.2264,-0.79175 1.94081,-0.48879 2.93036,-0.93539 8.0797,-3.6465 1.37752,-0.72525 2.68873,-1.18329 4.03489,-1.40949 l 1.99423,-0.33509 v -1.28067 -1.28067 l -6.01927,0.20779 c -12.42113,0.42877 -34.94711,0.0783 -39.55521,-0.61541 l -0.99218,-0.14936 v 1.57445 1.57446 l 1.99982,0.3226 c 1.37807,0.22231 2.63252,0.65577 4.03489,1.3942 5.1802,2.7277 6.14095,3.15878 8.16713,3.66449 1.18982,0.29697 2.91623,0.63765 3.83646,0.75707 2.44775,0.31766 7.71329,0.32483 10.19314,0.0139 z m 26.80189,-11.37131 v -11.64166 h -2.11667 -2.11667 v 11.64166 11.64167 h 2.11667 2.11667 z m -11.17865,-1.48968 2.71198,-0.16857 v -2.09189 -2.0919 l -5.22552,0.20904 c -11.51379,0.4606 -37.14583,0.0726 -40.61354,-0.61481 l -0.7276,-0.14423 v 2.11666 c 0,2.56012 -0.71922,2.29468 7.27604,2.68538 3.20146,0.15645 6.53521,0.32589 7.40833,0.37654 2.41141,0.13989 26.08166,-0.0842 29.17031,-0.27622 z m 21.55857,-2.07852 c 5.55,-0.75527 11.04153,-1.68611 15.86101,-2.68852 l 3.35447,-0.6977 0.0851,-2.09177 c 0.0805,-1.97949 0.0567,-2.08469 -0.44406,-1.95992 -3.36572,0.83858 -16.9856,3.09099 -22.02656,3.64268 l -2.97656,0.32576 v 2.06363 c 0,2.4724 -0.63075,2.32814 6.14659,1.40584 z m -78.11325,-1.70725 v -2.10046 l -1.12448,-0.14911 c -0.61846,-0.082 -3.50573,-0.45015 -6.41615,-0.81808 -4.45717,-0.56346 -13.9211,-2.0461 -16.99947,-2.66317 l -0.8599,-0.17237 v 2.10815 2.10816 l 4.69635,0.83578 c 4.02739,0.71672 10.63063,1.70292 17.66094,2.63767 3.33451,0.44335 3.04271,0.61468 3.04271,-1.78657 z M 334.55398,157.0602 c 0,-2.09165 -0.59461,-3.64425 -1.90913,-4.98504 -1.29475,-1.32061 -2.87427,-1.92739 -5.01717,-1.92739 h -1.54037 v -2.11667 -2.11667 h 1.54037 c 2.29789,0 3.8112,-0.62064 5.15344,-2.11353 1.30658,-1.45323 1.77286,-2.73211 1.77286,-4.86247 v -1.49066 h 2.11666 2.11667 v 1.54037 c 0,2.29789 0.62064,3.8112 2.11353,5.15344 1.45323,1.30657 2.73211,1.77285 4.86248,1.77285 h 1.49066 v 2.11667 2.11667 h -1.49066 c -2.13037,0 -3.40925,0.46628 -4.86248,1.77285 -1.49289,1.34224 -2.11353,2.85555 -2.11353,5.15345 v 1.54036 h -2.11667 -2.11666 z m 3.11274,-7.97077 1.05833,-1.05833 -1.0272,-1.02721 -1.02721,-1.0272 -1.02912,1.02912 -1.02911,1.02912 0.96297,1.02116 c 0.52963,0.56163 0.97873,1.03702 0.99799,1.05642 0.0193,0.0194 0.51127,-0.44099 1.09335,-1.02308 z"
         id="path19"
         sodipodi:nodetypes="ccccsssscccsssscccsssscccsssscccsssssscccssssccsssssssscssssscssssscccsssssscccccccccccccsssscsssscsscsssssscssscsssscccccccccssscccssscccssscccssscccsscccccsssssssssssssssssssssssssscccccccccsssscccsscccsssssscccccccccscccsscsssssscssscsssscssscccsssssscccssscccssscccssscccsscccccsss" /><path
         style="fill:#c87137;fill-opacity:1;stroke:none;stroke-width:0.25186;stroke-linecap:round;stroke-linejoin:round;stroke-miterlimit:50;stroke-opacity:1"
         d="m 270.72135,50.366624 c -9.60903,-0.526126 -9.6321,-0.5285 -10.06512,-1.03437 -0.18907,-0.2209 -0.22085,-0.530701 -0.22085,-2.152949 v -1.894919 l 0.41016,0.08257 c 4.04757,0.8148 33.12565,1.143717 44.80398,0.506799 l 1.48294,-0.08088 v 2.142059 2.142061 l -0.81788,0.08379 c -1.69624,0.173786 -9.46155,0.319569 -20.1958,0.379145 -9.74559,0.05409 -11.63209,0.03285 -15.39743,-0.173313 z"
         id="path20" /><path
         style="fill:#c87137;fill-opacity:1;stroke:none;stroke-width:0.25186;stroke-linecap:round;stroke-linejoin:round;stroke-miterlimit:50;stroke-opacity:1"
         d="m 245.92142,48.45774 c -0.45122,-0.06446 -3.06371,-0.431136 -5.80559,-0.814845 -5.77757,-0.808538 -10.1341,-1.48798 -14.57706,-2.273446 -1.73537,-0.306789 -3.16942,-0.557924 -3.18677,-0.558072 -0.0175,-1.51e-4 -0.0315,-0.965766 -0.0315,-2.145816 0,-1.633939 0.0376,-2.144805 0.15774,-2.142455 0.0868,0.0016 0.40804,0.06078 0.71396,0.131289 2.07012,0.477192 13.01919,2.151155 19.32162,2.954012 2.46422,0.313915 4.66497,0.601924 4.89058,0.640027 l 0.41018,0.06928 v 1.863283 c 0,1.293563 -0.0482,1.928024 -0.15777,2.075018 -0.21013,0.282014 -0.74123,0.343752 -1.73535,0.201729 z"
         id="path21" /><path
         style="fill:#c87137;fill-opacity:1;stroke:none;stroke-width:0.25186;stroke-linecap:round;stroke-linejoin:round;stroke-miterlimit:50;stroke-opacity:1"
         d="M 251.9794,51.689459 V 40.015185 h 2.14556 2.14554 v 11.674274 11.674274 h -2.14554 -2.14556 z"
         id="path22" /><path
         style="fill:#c87137;fill-opacity:1;stroke:none;stroke-width:0.25186;stroke-linecap:round;stroke-linejoin:round;stroke-miterlimit:50;stroke-opacity:1"
         d="M 311.17114,51.689459 V 40.015185 h 2.20864 2.20866 v 11.674274 11.674274 h -2.20866 -2.20864 z"
         id="path23" /><path
         style="fill:#c87137;fill-opacity:1;stroke:none;stroke-width:0.25186;stroke-linecap:round;stroke-linejoin:round;stroke-miterlimit:50;stroke-opacity:1"
         d="m 320.16165,48.725901 c -0.43579,-0.185672 -0.53456,-0.630233 -0.53456,-2.406108 0,-1.589116 0.007,-1.631548 0.28398,-1.688163 0.15618,-0.03194 1.56183,-0.203671 3.12364,-0.381622 4.4812,-0.51058 13.64105,-1.975123 19.05524,-3.046688 1.56062,-0.308872 2.91703,-0.531055 3.01429,-0.493741 0.14468,0.05552 0.166,0.422883 0.1174,2.022088 -0.0327,1.074836 -0.0927,1.987564 -0.13346,2.028288 -0.17126,0.171284 -7.21817,1.555171 -11.80875,2.319031 -3.45911,0.575588 -10.65707,1.599724 -11.94853,1.700051 -0.48591,0.03775 -1.01206,0.01384 -1.16925,-0.05314 z"
         id="path24" /><path
         style="fill:#cccccc;fill-opacity:1;stroke:#ff9600;stroke-width:0.356185;stroke-linecap:round;stroke-linejoin:round;stroke-miterlimit:50;stroke-opacity:1"
         d="m 280.11789,77.944182 c -3.97973,-0.721903 -8.04886,-2.843027 -10.46935,-5.457375 -1.84525,-1.99307 -2.85562,-4.560991 -2.75616,-7.005085 0.0469,-1.152303 0.0909,-1.289042 0.43079,-1.33754 0.20823,-0.02971 1.37285,0.346604 2.58805,0.836253 4.99361,2.012098 7.39209,2.42938 13.90028,2.418352 6.39212,-0.01082 8.91501,-0.444693 13.55347,-2.330815 1.31897,-0.536329 2.56389,-0.951434 2.76651,-0.922456 0.98518,0.14089 0.65804,3.362997 -0.6033,5.94271 -0.86294,1.764837 -2.46264,3.434742 -4.71168,4.918486 -2.76815,1.826207 -5.36437,2.696225 -8.99676,3.014905 -2.66708,0.23399 -4.09167,0.214644 -5.70185,-0.07744 z"
         id="path26" /><path
         style="fill:#c87137;fill-opacity:1;stroke:#ff9600;stroke-width:0.228119;stroke-linecap:round;stroke-linejoin:round;stroke-miterlimit:50;stroke-opacity:1"
         d="m 236.6838,135.4201 c -0.97189,-1.3751 -2.37957,-2.79836 -3.5732,-3.61286 -0.29867,-0.20391 -0.54309,-0.43798 -0.54309,-0.52035 0,-0.0824 0.29545,-0.34596 0.65662,-0.58575 0.85834,-0.56985 2.74007,-2.44871 3.28795,-3.28299 0.23747,-0.36156 0.50001,-0.65735 0.58347,-0.65735 0.0838,0 0.36578,0.29579 0.6274,0.65735 0.67734,0.9356 2.19111,2.463 3.1609,3.18923 0.45577,0.34136 0.82879,0.66286 0.82879,0.71432 0,0.0517 -0.29579,0.28933 -0.65732,0.52859 -0.84705,0.5605 -2.83782,2.55127 -3.39833,3.39832 -0.23936,0.36155 -0.47878,0.65735 -0.5324,0.65735 -0.0541,0 -0.25179,-0.21885 -0.44079,-0.48586 z"
         id="path27" /><path
         style="fill:#c87137;fill-opacity:1;stroke:#ff9600;stroke-width:0.178092;stroke-linecap:round;stroke-linejoin:round;stroke-miterlimit:50;stroke-opacity:1"
         d="m 335.52707,149.06128 -0.96454,-1.03311 1.01658,-1.01948 c 0.55912,-0.56071 1.05677,-1.01947 1.10588,-1.01947 0.0491,0 0.54176,0.45116 1.09474,1.00258 l 1.00544,1.00258 -1.04727,1.05 c -0.576,0.57751 -1.09204,1.05 -1.14676,1.05 -0.0547,0 -0.53356,-0.46489 -1.06407,-1.0331 z"
         id="path28" /><path
         style="fill:#c87137;fill-opacity:1;stroke:#ff9600;stroke-width:0.25186;stroke-linecap:round;stroke-linejoin:round;stroke-miterlimit:50;stroke-opacity:1"
         d="m 293.60276,105.70557 -0.97298,-1.03738 1.06754,-1.062 1.06754,-1.06199 1.00976,1.00383 c 0.55538,0.55211 1.00975,1.06694 1.00975,1.14408 0,0.12571 -2.06454,2.0911 -2.16664,2.06258 -0.023,-0.006 -0.47983,-0.47855 -1.01497,-1.04912 z"
         id="path29"
         sodipodi:nodetypes="scccssss" /></g></g></svg>
